08 49 31 23 51 03 67 20 97 45 03 24 44 52 26 32 40 04 05 48
49 49 95 71 99 23 12 26 20 94 88 37 86 26 12 32 74 57 67 
02 99 73 04 67 45 10 95 17 35 80 00 60 17 79 63 62 36 54 
81 70 16 60 64 62 99 44 15 58 44 13 16 55 29 85 23 19   
22 40 55 60 63 02 26 63 78 14 04 17 21 77 33 93 76 16   
52 31 32 28 02 73 76 67 55 44 92 32 46 46 59 16 89      
97 17 79 11 89 44 38 94 78 00 62 54 58 04 27 53 36      
22 47 81 68 66 00 31 47 05 73 57 67 08 67 81 01          
38 81 14 42 41 75 40 39 96 61 16 24 51 89 98 69          
24 98 20 05 75 75 31 07 28 97 33 18 82 86 52               
15 18 29 69 92 33 67 63 83 33 14 36 54 55 66               
32 26 58 09 22 35 89 69 07 46 72 69 48 43                     
00 57 93 24 36 53 59 08 14 97 09 29 17 40                     
67 55 23 28 96 71 47 16 03 94 99 71 61                            
40 60 71 68 54 78 54 40 88 34 53 85 58                            
24 36 53 42 35 94 99 72 24 62 49 48                                    
00 87 40 56 22 36 70 91 34 31 56 57                                    
21 17 05 48 05 35 20 11 34 31 33                                             
75 17 67 01 40 84 66 66 89 33 92                                             
78 39 00 68 97 62 39 88 74 92                                                       
04 40 53 32 40 20 18 49 63 95                                                       
16 56 81 83 57 25 23 01 16                                                                  
05 98 88 56 28 35 38 94 72                                                                  
86 80 08 87 38 30 90 69                                                                              
07 43 30 71 66 17 64 21                                                                              
19 52 68 73 72 31 54                                                                                           
78 69 03 37 33 12 70                                                                                           
04 36 16 41 78 51                                                                                                         
52 48 49 02 13 50                                                                                                         
88 42 36 29 83                                                                                                                        
12 04 13 36 80                                                                                                                        
04 69 35 71                                                                                                                                        
50 56 36 91                                                                                                                                        
