01 73 36 73 57 35 47 07 55 94 35 78 63 54 84 28 37 13 62 08
20 69 16 87 97 94 89 47 15 45 78 39 59 36 40 71 49 56 91 
70 35 41 38 62 99 69 05 58 03 14 96 08 70 20 66 02 36 00 
20 42 68 83 05 71 31 67 20 17 94 67 78 40 56 03 04 77   
54 29 72 25 20 16 28 44 88 80 00 83 40 66 35 33 36 65   
04 36 08 68 35 35 31 44 97 63 40 53 22 32 30 48 50      
71 78 30 39 72 07 73 44 24 04 61 14 91 18 17 13 91      
88 52 81 48 96 75 76 26 95 38 33 54 01 88 69 12          
83 31 23 11 03 97 92 37 00 62 33 88 66 38 12 80          
04 80 00 42 22 00 99 20 26 75 36 56 53 43 52               
51 90 88 24 46 57 13 44 17 16 97 34 49 64 50               
19 56 05 28 75 73 12 10 44 92 68 67 98 78                     
54 01 34 94 33 32 86 60 54 14 34 89 94 70                     
86 39 53 09 66 62 67 02 41 24 40 40 07                            
69 74 62 72 67 16 52 21 24 09 31 63 21                            
16 17 23 05 02 23 45 89 69 71 17 05                                    
16 31 99 18 46 26 17 58 36 53 33 72                                    
78 36 58 68 64 03 63 42 93 87 04                                             
92 49 69 08 55 26 77 51 29 56 95                                             
21 55 20 28 99 67 11 29 60 75                                                       
33 71 82 46 12 79 04 54 85 92                                                       
24 26 81 60 51 60 14 57 00                                                                  
48 48 67 29 32 33 89 17 57                                                                  
67 98 32 71 04 79 18 40                                                                              
61 86 59 32 63 27 55 58                                                                              
32 47 16 23 55 81 00                                                                                           
43 81 85 40 93 98 40                                                                                           
24 31 95 73 17 15                                                                                                         
52 16 74 62 53 66                                                                                                         
22 70 31 40 38                                                                                                                        
01 23 04 76 69                                                                                                                        
52 49 99 97                                                                                                                                        
89 57 36 36                                                                                                                                        
