08 02 22 97
02 22 97 38
22 97 38 15
97 38 15 00
38 15 00 40
15 00 40 00
00 40 00 75
40 00 75 04
00 75 04 05
75 04 05 07
04 05 07 78
05 07 78 52
07 78 52 12
78 52 12 50
52 12 50 77
12 50 77 91
50 77 91 08
49 49 99 40
49 99 40 17
99 40 17 81
40 17 81 18
17 81 18 57
81 18 57 60
18 57 60 87
57 60 87 17
60 87 17 40
87 17 40 98
17 40 98 43
40 98 43 69
98 43 69 48
43 69 48 04
69 48 04 56
48 04 56 62
04 56 62 00
81 49 31 73
49 31 73 55
31 73 55 79
73 55 79 14
55 79 14 29
79 14 29 93
14 29 93 71
29 93 71 40
93 71 40 67
71 40 67 53
40 67 53 88
67 53 88 30
53 88 30 03
88 30 03 49
30 03 49 13
03 49 13 36
49 13 36 65
52 70 95 23
70 95 23 04
95 23 04 60
23 04 60 11
04 60 11 42
60 11 42 69
11 42 69 24
42 69 24 68
69 24 68 56
24 68 56 01
68 56 01 32
56 01 32 56
01 32 56 71
32 56 71 37
56 71 37 02
71 37 02 36
37 02 36 91
22 31 16 71
31 16 71 51
16 71 51 67
71 51 67 63
51 67 63 89
67 63 89 41
63 89 41 92
89 41 92 36
41 92 36 54
92 36 54 22
36 54 22 40
54 22 40 40
22 40 40 28
40 40 28 66
40 28 66 33
28 66 33 13
66 33 13 80
24 47 32 60
47 32 60 99
32 60 99 03
60 99 03 45
99 03 45 02
03 45 02 44
45 02 44 75
02 44 75 33
44 75 33 53
75 33 53 78
33 53 78 36
53 78 36 84
78 36 84 20
36 84 20 35
84 20 35 17
20 35 17 12
35 17 12 50
32 98 81 28
98 81 28 64
81 28 64 23
28 64 23 67
64 23 67 10
23 67 10 26
67 10 26 38
10 26 38 40
26 38 40 67
38 40 67 59
40 67 59 54
67 59 54 70
59 54 70 66
54 70 66 18
70 66 18 38
66 18 38 64
18 38 64 70
67 26 20 68
26 20 68 02
20 68 02 62
68 02 62 12
02 62 12 20
62 12 20 95
12 20 95 63
20 95 63 94
95 63 94 39
63 94 39 63
94 39 63 08
39 63 08 40
63 08 40 91
08 40 91 66
40 91 66 49
91 66 49 94
66 49 94 21
24 55 58 05
55 58 05 66
58 05 66 73
05 66 73 99
66 73 99 26
73 99 26 97
99 26 97 17
26 97 17 78
97 17 78 78
17 78 78 96
78 78 96 83
78 96 83 14
96 83 14 88
83 14 88 34
14 88 34 89
88 34 89 63
34 89 63 72
21 36 23 09
36 23 09 75
23 09 75 00
09 75 00 76
75 00 76 44
00 76 44 20
76 44 20 45
44 20 45 35
20 45 35 14
45 35 14 00
35 14 00 61
14 00 61 33
00 61 33 97
61 33 97 34
33 97 34 31
97 34 31 33
34 31 33 95
78 17 53 28
17 53 28 22
53 28 22 75
28 22 75 31
22 75 31 67
75 31 67 15
31 67 15 94
67 15 94 03
15 94 03 80
94 03 80 04
03 80 04 62
80 04 62 16
04 62 16 14
62 16 14 09
16 14 09 53
14 09 53 56
09 53 56 92
16 39 05 42
39 05 42 96
05 42 96 35
42 96 35 31
96 35 31 47
35 31 47 55
31 47 55 58
47 55 58 88
55 58 88 24
58 88 24 00
88 24 00 17
24 00 17 54
00 17 54 24
17 54 24 36
54 24 36 29
24 36 29 85
36 29 85 57
86 56 00 48
56 00 48 35
00 48 35 71
48 35 71 89
35 71 89 07
71 89 07 05
89 07 05 44
07 05 44 44
05 44 44 37
44 44 37 44
44 37 44 60
37 44 60 21
44 60 21 58
60 21 58 51
21 58 51 54
58 51 54 17
51 54 17 58
19 80 81 68
80 81 68 05
81 68 05 94
68 05 94 47
05 94 47 69
94 47 69 28
47 69 28 73
69 28 73 92
28 73 92 13
73 92 13 86
92 13 86 52
13 86 52 17
86 52 17 77
52 17 77 04
17 77 04 89
77 04 89 55
04 89 55 40
04 52 08 83
52 08 83 97
08 83 97 35
83 97 35 99
97 35 99 16
35 99 16 07
99 16 07 97
16 07 97 57
07 97 57 32
97 57 32 16
57 32 16 26
32 16 26 26
16 26 26 79
26 26 79 33
26 79 33 27
79 33 27 98
33 27 98 66
88 36 68 87
36 68 87 57
68 87 57 62
87 57 62 20
57 62 20 72
62 20 72 03
20 72 03 46
72 03 46 33
03 46 33 67
46 33 67 46
33 67 46 55
67 46 55 12
46 55 12 32
55 12 32 63
12 32 63 93
32 63 93 53
63 93 53 69
04 42 16 73
42 16 73 38
16 73 38 25
73 38 25 39
38 25 39 11
25 39 11 24
39 11 24 94
11 24 94 72
24 94 72 18
94 72 18 08
72 18 08 46
18 08 46 29
08 46 29 32
46 29 32 40
29 32 40 62
32 40 62 76
40 62 76 36
20 69 36 41
69 36 41 72
36 41 72 30
41 72 30 23
72 30 23 88
30 23 88 34
23 88 34 62
88 34 62 99
34 62 99 69
62 99 69 82
99 69 82 67
69 82 67 59
82 67 59 85
67 59 85 74
59 85 74 04
85 74 04 36
74 04 36 16
20 73 35 29
73 35 29 78
35 29 78 31
29 78 31 90
78 31 90 01
31 90 01 74
90 01 74 31
01 74 31 49
74 31 49 71
31 49 71 48
49 71 48 86
71 48 86 81
48 86 81 16
86 81 16 23
81 16 23 57
16 23 57 05
23 57 05 54
01 70 54 71
70 54 71 83
54 71 83 51
71 83 51 54
83 51 54 69
51 54 69 16
54 69 16 92
69 16 92 33
16 92 33 48
92 33 48 61
33 48 61 43
48 61 43 52
61 43 52 01
43 52 01 89
52 01 89 19
01 89 19 67
89 19 67 48
08 49 81 52
49 81 52 22
81 52 22 24
52 22 24 32
22 24 32 67
24 32 67 24
32 67 24 21
67 24 21 78
24 21 78 16
21 78 16 86
78 16 86 19
16 86 19 04
86 19 04 88
19 04 88 04
04 88 04 20
88 04 20 20
04 20 20 01
02 49 49 70
49 49 70 31
49 70 31 47
70 31 47 98
31 47 98 26
47 98 26 55
98 26 55 36
26 55 36 17
55 36 17 39
36 17 39 56
17 39 56 80
39 56 80 52
56 80 52 36
80 52 36 42
52 36 42 69
36 42 69 73
42 69 73 70
22 99 31 95
99 31 95 16
31 95 16 32
95 16 32 81
16 32 81 20
32 81 20 58
81 20 58 23
20 58 23 53
58 23 53 05
23 53 05 00
53 05 00 81
05 00 81 08
00 81 08 68
81 08 68 16
08 68 16 36
68 16 36 35
16 36 35 54
97 40 73 23
40 73 23 71
73 23 71 60
23 71 60 28
71 60 28 68
60 28 68 05
28 68 05 09
68 05 09 28
05 09 28 42
09 28 42 48
28 42 48 68
42 48 68 83
48 68 83 87
68 83 87 73
83 87 73 41
87 73 41 29
73 41 29 71
38 17 55 04
17 55 04 51
55 04 51 99
04 51 99 64
51 99 64 02
99 64 02 66
64 02 66 75
02 66 75 22
66 75 22 96
75 22 96 35
22 96 35 05
96 35 05 97
35 05 97 57
05 97 57 38
97 57 38 72
57 38 72 78
38 72 78 83
15 81 79 60
81 79 60 67
79 60 67 03
60 67 03 23
67 03 23 62
03 23 62 73
23 62 73 00
62 73 00 75
73 00 75 35
00 75 35 71
75 35 71 94
35 71 94 35
71 94 35 62
94 35 62 25
35 62 25 30
62 25 30 31
25 30 31 51
00 18 14 11
18 14 11 63
14 11 63 45
11 63 45 67
63 45 67 12
45 67 12 99
67 12 99 76
12 99 76 31
99 76 31 31
76 31 31 89
31 31 89 47
31 89 47 99
89 47 99 20
47 99 20 39
99 20 39 23
20 39 23 90
39 23 90 54
40 57 29 42
57 29 42 89
29 42 89 02
42 89 02 10
89 02 10 20
02 10 20 26
10 20 26 44
20 26 44 67
26 44 67 47
44 67 47 07
67 47 07 69
47 07 69 16
07 69 16 72
69 16 72 11
16 72 11 88
72 11 88 01
11 88 01 69
00 60 93 69
60 93 69 41
93 69 41 44
69 41 44 26
41 44 26 95
44 26 95 97
26 95 97 20
95 97 20 15
97 20 15 55
20 15 55 05
15 55 05 28
55 05 28 07
05 28 07 03
28 07 03 24
07 03 24 34
03 24 34 74
24 34 74 16
75 87 71 24
87 71 24 92
71 24 92 75
24 92 75 38
92 75 38 63
75 38 63 17
38 63 17 45
63 17 45 94
17 45 94 58
45 94 58 44
94 58 44 73
58 44 73 97
44 73 97 46
73 97 46 94
97 46 94 62
46 94 62 31
94 62 31 92
04 17 40 68
17 40 68 36
40 68 36 33
68 36 33 40
36 33 40 94
33 40 94 78
40 94 78 35
94 78 35 03
78 35 03 88
35 03 88 44
03 88 44 92
88 44 92 57
44 92 57 33
92 57 33 72
57 33 72 99
33 72 99 49
72 99 49 33
05 40 67 56
40 67 56 54
67 56 54 53
56 54 53 67
54 53 67 39
53 67 39 78
67 39 78 14
39 78 14 80
78 14 80 24
14 80 24 37
80 24 37 13
24 37 13 32
37 13 32 67
13 32 67 18
32 67 18 69
67 18 69 71
18 69 71 48
07 98 53 01
98 53 01 22
53 01 22 78
01 22 78 59
22 78 59 63
78 59 63 96
59 63 96 00
63 96 00 04
96 00 04 00
00 04 00 44
04 00 44 86
00 44 86 16
44 86 16 46
86 16 46 08
16 46 08 82
46 08 82 48
08 82 48 61
78 43 88 32
43 88 32 40
88 32 40 36
32 40 36 54
40 36 54 08
36 54 08 83
54 08 83 61
08 83 61 62
83 61 62 17
61 62 17 60
62 17 60 52
17 60 52 26
60 52 26 55
52 26 55 46
26 55 46 67
55 46 67 86
46 67 86 43
52 69 30 56
69 30 56 40
30 56 40 84
56 40 84 70
40 84 70 40
84 70 40 14
70 40 14 33
40 14 33 16
14 33 16 54
33 16 54 21
16 54 21 17
54 21 17 26
21 17 26 12
17 26 12 29
26 12 29 59
12 29 59 81
29 59 81 52
12 48 03 71
48 03 71 28
03 71 28 20
71 28 20 66
28 20 66 91
20 66 91 88
66 91 88 97
91 88 97 14
88 97 14 24
97 14 24 58
14 24 58 77
24 58 77 79
58 77 79 32
77 79 32 32
79 32 32 85
32 32 85 16
32 85 16 01
50 04 49 37
04 49 37 66
49 37 66 35
37 66 35 18
66 35 18 66
35 18 66 34
18 66 34 34
66 34 34 09
34 34 09 36
34 09 36 51
09 36 51 04
36 51 04 33
51 04 33 63
04 33 63 40
33 63 40 74
63 40 74 23
40 74 23 89
77 56 13 02
56 13 02 33
13 02 33 17
02 33 17 38
33 17 38 49
17 38 49 89
38 49 89 31
49 89 31 53
89 31 53 29
31 53 29 54
53 29 54 89
29 54 89 27
54 89 27 93
89 27 93 62
27 93 62 04
93 62 04 57
62 04 57 19
91 62 36 36
62 36 36 13
36 36 13 12
36 13 12 64
13 12 64 94
12 64 94 63
64 94 63 33
94 63 33 56
63 33 56 85
33 56 85 17
56 85 17 55
85 17 55 98
17 55 98 53
55 98 53 76
98 53 76 36
53 76 36 05
76 36 05 67
08 00 65 91
00 65 91 80
65 91 80 50
91 80 50 70
80 50 70 21
50 70 21 72
70 21 72 95
21 72 95 92
72 95 92 57
95 92 57 58
92 57 58 40
57 58 40 66
58 40 66 69
40 66 69 36
66 69 36 16
69 36 16 54
36 16 54 48
08 49 31 23
49 31 23 51
31 23 51 03
23 51 03 67
51 03 67 20
03 67 20 97
67 20 97 45
20 97 45 03
97 45 03 24
45 03 24 44
03 24 44 52
24 44 52 26
44 52 26 32
52 26 32 40
26 32 40 04
32 40 04 05
40 04 05 48
49 49 95 71
49 95 71 99
95 71 99 23
71 99 23 12
99 23 12 26
23 12 26 20
12 26 20 94
26 20 94 88
20 94 88 37
94 88 37 86
88 37 86 26
37 86 26 12
86 26 12 32
26 12 32 74
12 32 74 57
32 74 57 67
02 99 73 04
99 73 04 67
73 04 67 45
04 67 45 10
67 45 10 95
45 10 95 17
10 95 17 35
95 17 35 80
17 35 80 00
35 80 00 60
80 00 60 17
00 60 17 79
60 17 79 63
17 79 63 62
79 63 62 36
63 62 36 54
81 70 16 60
70 16 60 64
16 60 64 62
60 64 62 99
64 62 99 44
62 99 44 15
99 44 15 58
44 15 58 44
15 58 44 13
58 44 13 16
44 13 16 55
13 16 55 29
16 55 29 85
55 29 85 23
29 85 23 19
22 40 55 60
40 55 60 63
55 60 63 02
60 63 02 26
63 02 26 63
02 26 63 78
26 63 78 14
63 78 14 04
78 14 04 17
14 04 17 21
04 17 21 77
17 21 77 33
21 77 33 93
77 33 93 76
33 93 76 16
52 31 32 28
31 32 28 02
32 28 02 73
28 02 73 76
02 73 76 67
73 76 67 55
76 67 55 44
67 55 44 92
55 44 92 32
44 92 32 46
92 32 46 46
32 46 46 59
46 46 59 16
46 59 16 89
97 17 79 11
17 79 11 89
79 11 89 44
11 89 44 38
89 44 38 94
44 38 94 78
38 94 78 00
94 78 00 62
78 00 62 54
00 62 54 58
62 54 58 04
54 58 04 27
58 04 27 53
04 27 53 36
22 47 81 68
47 81 68 66
81 68 66 00
68 66 00 31
66 00 31 47
00 31 47 05
31 47 05 73
47 05 73 57
05 73 57 67
73 57 67 08
57 67 08 67
67 08 67 81
08 67 81 01
38 81 14 42
81 14 42 41
14 42 41 75
42 41 75 40
41 75 40 39
75 40 39 96
40 39 96 61
39 96 61 16
96 61 16 24
61 16 24 51
16 24 51 89
24 51 89 98
51 89 98 69
24 98 20 05
98 20 05 75
20 05 75 75
05 75 75 31
75 75 31 07
75 31 07 28
31 07 28 97
07 28 97 33
28 97 33 18
97 33 18 82
33 18 82 86
18 82 86 52
15 18 29 69
18 29 69 92
29 69 92 33
69 92 33 67
92 33 67 63
33 67 63 83
67 63 83 33
63 83 33 14
83 33 14 36
33 14 36 54
14 36 54 55
36 54 55 66
32 26 58 09
26 58 09 22
58 09 22 35
09 22 35 89
22 35 89 69
35 89 69 07
89 69 07 46
69 07 46 72
07 46 72 69
46 72 69 48
72 69 48 43
00 57 93 24
57 93 24 36
93 24 36 53
24 36 53 59
36 53 59 08
53 59 08 14
59 08 14 97
08 14 97 09
14 97 09 29
97 09 29 17
09 29 17 40
67 55 23 28
55 23 28 96
23 28 96 71
28 96 71 47
96 71 47 16
71 47 16 03
47 16 03 94
16 03 94 99
03 94 99 71
94 99 71 61
40 60 71 68
60 71 68 54
71 68 54 78
68 54 78 54
54 78 54 40
78 54 40 88
54 40 88 34
40 88 34 53
88 34 53 85
34 53 85 58
24 36 53 42
36 53 42 35
53 42 35 94
42 35 94 99
35 94 99 72
94 99 72 24
99 72 24 62
72 24 62 49
24 62 49 48
00 87 40 56
87 40 56 22
40 56 22 36
56 22 36 70
22 36 70 91
36 70 91 34
70 91 34 31
91 34 31 56
34 31 56 57
21 17 05 48
17 05 48 05
05 48 05 35
48 05 35 20
05 35 20 11
35 20 11 34
20 11 34 31
11 34 31 33
75 17 67 01
17 67 01 40
67 01 40 84
01 40 84 66
40 84 66 66
84 66 66 89
66 66 89 33
66 89 33 92
78 39 00 68
39 00 68 97
00 68 97 62
68 97 62 39
97 62 39 88
62 39 88 74
39 88 74 92
04 40 53 32
40 53 32 40
53 32 40 20
32 40 20 18
40 20 18 49
20 18 49 63
18 49 63 95
16 56 81 83
56 81 83 57
81 83 57 25
83 57 25 23
57 25 23 01
25 23 01 16
05 98 88 56
98 88 56 28
88 56 28 35
56 28 35 38
28 35 38 94
35 38 94 72
86 80 08 87
80 08 87 38
08 87 38 30
87 38 30 90
38 30 90 69
07 43 30 71
43 30 71 66
30 71 66 17
71 66 17 64
66 17 64 21
19 52 68 73
52 68 73 72
68 73 72 31
73 72 31 54
78 69 03 37
69 03 37 33
03 37 33 12
37 33 12 70
04 36 16 41
36 16 41 78
16 41 78 51
52 48 49 02
48 49 02 13
49 02 13 50
88 42 36 29
42 36 29 83
12 04 13 36
04 13 36 80
04 69 35 71
50 56 36 91
01 73 36 73
73 36 73 57
36 73 57 35
73 57 35 47
57 35 47 07
35 47 07 55
47 07 55 94
07 55 94 35
55 94 35 78
94 35 78 63
35 78 63 54
78 63 54 84
63 54 84 28
54 84 28 37
84 28 37 13
28 37 13 62
37 13 62 08
20 69 16 87
69 16 87 97
16 87 97 94
87 97 94 89
97 94 89 47
94 89 47 15
89 47 15 45
47 15 45 78
15 45 78 39
45 78 39 59
78 39 59 36
39 59 36 40
59 36 40 71
36 40 71 49
40 71 49 56
71 49 56 91
70 35 41 38
35 41 38 62
41 38 62 99
38 62 99 69
62 99 69 05
99 69 05 58
69 05 58 03
05 58 03 14
58 03 14 96
03 14 96 08
14 96 08 70
96 08 70 20
08 70 20 66
70 20 66 02
20 66 02 36
66 02 36 00
20 42 68 83
42 68 83 05
68 83 05 71
83 05 71 31
05 71 31 67
71 31 67 20
31 67 20 17
67 20 17 94
20 17 94 67
17 94 67 78
94 67 78 40
67 78 40 56
78 40 56 03
40 56 03 04
56 03 04 77
54 29 72 25
29 72 25 20
72 25 20 16
25 20 16 28
20 16 28 44
16 28 44 88
28 44 88 80
44 88 80 00
88 80 00 83
80 00 83 40
00 83 40 66
83 40 66 35
40 66 35 33
66 35 33 36
35 33 36 65
04 36 08 68
36 08 68 35
08 68 35 35
68 35 35 31
35 35 31 44
35 31 44 97
31 44 97 63
44 97 63 40
97 63 40 53
63 40 53 22
40 53 22 32
53 22 32 30
22 32 30 48
32 30 48 50
71 78 30 39
78 30 39 72
30 39 72 07
39 72 07 73
72 07 73 44
07 73 44 24
73 44 24 04
44 24 04 61
24 04 61 14
04 61 14 91
61 14 91 18
14 91 18 17
91 18 17 13
18 17 13 91
88 52 81 48
52 81 48 96
81 48 96 75
48 96 75 76
96 75 76 26
75 76 26 95
76 26 95 38
26 95 38 33
95 38 33 54
38 33 54 01
33 54 01 88
54 01 88 69
01 88 69 12
83 31 23 11
31 23 11 03
23 11 03 97
11 03 97 92
03 97 92 37
97 92 37 00
92 37 00 62
37 00 62 33
00 62 33 88
62 33 88 66
33 88 66 38
88 66 38 12
66 38 12 80
04 80 00 42
80 00 42 22
00 42 22 00
42 22 00 99
22 00 99 20
00 99 20 26
99 20 26 75
20 26 75 36
26 75 36 56
75 36 56 53
36 56 53 43
56 53 43 52
51 90 88 24
90 88 24 46
88 24 46 57
24 46 57 13
46 57 13 44
57 13 44 17
13 44 17 16
44 17 16 97
17 16 97 34
16 97 34 49
97 34 49 64
34 49 64 50
19 56 05 28
56 05 28 75
05 28 75 73
28 75 73 12
75 73 12 10
73 12 10 44
12 10 44 92
10 44 92 68
44 92 68 67
92 68 67 98
68 67 98 78
54 01 34 94
01 34 94 33
34 94 33 32
94 33 32 86
33 32 86 60
32 86 60 54
86 60 54 14
60 54 14 34
54 14 34 89
14 34 89 94
34 89 94 70
86 39 53 09
39 53 09 66
53 09 66 62
09 66 62 67
66 62 67 02
62 67 02 41
67 02 41 24
02 41 24 40
41 24 40 40
24 40 40 07
69 74 62 72
74 62 72 67
62 72 67 16
72 67 16 52
67 16 52 21
16 52 21 24
52 21 24 09
21 24 09 31
24 09 31 63
09 31 63 21
16 17 23 05
17 23 05 02
23 05 02 23
05 02 23 45
02 23 45 89
23 45 89 69
45 89 69 71
89 69 71 17
69 71 17 05
16 31 99 18
31 99 18 46
99 18 46 26
18 46 26 17
46 26 17 58
26 17 58 36
17 58 36 53
58 36 53 33
36 53 33 72
78 36 58 68
36 58 68 64
58 68 64 03
68 64 03 63
64 03 63 42
03 63 42 93
63 42 93 87
42 93 87 04
92 49 69 08
49 69 08 55
69 08 55 26
08 55 26 77
55 26 77 51
26 77 51 29
77 51 29 56
51 29 56 95
21 55 20 28
55 20 28 99
20 28 99 67
28 99 67 11
99 67 11 29
67 11 29 60
11 29 60 75
33 71 82 46
71 82 46 12
82 46 12 79
46 12 79 04
12 79 04 54
79 04 54 85
04 54 85 92
24 26 81 60
26 81 60 51
81 60 51 60
60 51 60 14
51 60 14 57
60 14 57 00
48 48 67 29
48 67 29 32
67 29 32 33
29 32 33 89
32 33 89 17
33 89 17 57
67 98 32 71
98 32 71 04
32 71 04 79
71 04 79 18
04 79 18 40
61 86 59 32
86 59 32 63
59 32 63 27
32 63 27 55
63 27 55 58
32 47 16 23
47 16 23 55
16 23 55 81
23 55 81 00
43 81 85 40
81 85 40 93
85 40 93 98
40 93 98 40
24 31 95 73
31 95 73 17
95 73 17 15
52 16 74 62
16 74 62 53
74 62 53 66
22 70 31 40
70 31 40 38
01 23 04 76
23 04 76 69
52 49 99 97
89 57 36 36
